4.763229999999999964e-01 -4.035045377198773764e-01 -1.499999999999999944e-01 2.622785936999996181e-01
5.995770000000000266e-01 -5.451537240557975394e-01 -4.899999999999999911e-01 1.815315499299998692e-01
3.148960000000000092e-01 -1.657641149948148040e-01 -1.389999999999999902e+00 9.467097763999987592e-02
5.273980000000000334e-01 -4.662402068510722586e-01 -1.489999999999999991e+00 2.119758202700001704e-01
4.837219999999999853e-01 -4.149141172543657774e-01 -1.330000000000000071e+00 3.248897380999995477e-01
4.057890000000000108e-01 -3.202823456874313024e-01 -1.489999999999999991e+00 8.987873810000124308e-02
6.150879999999999681e-01 -5.548607707522688059e-01 -1.370000000000000107e+00 2.140794746499992129e-01
5.220690000000000053e-01 -4.722224588045484950e-01 -7.000000000000000666e-02 2.728032193400000693e-01
3.407890000000000086e-01 -2.127890457441381500e-01 -1.580000000000000071e+00 1.249149083999991916e-01
4.699699999999999989e-01 -4.012683469189983754e-01 -1.300000000000000044e+00 2.340195608000001926e-01
4.255490000000000106e-01 -3.332613459100457476e-01 -2.999999999999999889e-01 2.518470836800013046e-01
6.169130000000000447e-01 -5.513752482659448617e-01 -1.179999999999999938e+00 1.761423876499996766e-01
7.465680000000000094e-01 -6.795683928347404645e-01 -2.029999999999999805e+00 2.328194229000004611e-01
5.257920000000000371e-01 -4.642831196640955227e-01 -1.600000000000000089e+00 2.776542396000003521e-01
3.432299999999999796e-01 -2.162136613490783787e-01 -1.500000000000000000e+00 9.089983640000021126e-02
3.903800000000000048e-01 -3.007255035527620635e-01 -8.000000000000000167e-02 2.018770897099990691e-01
6.569080000000000474e-01 -5.906069682906878171e-01 -1.250000000000000000e+00 2.811580726999984847e-01
7.268280000000000296e-01 -6.517076441209912474e-01 -1.719999999999999973e+00 1.868914431000003873e-01
5.698959999999999582e-01 -5.209106915861347886e-01 -1.320000000000000062e+00 1.615922041999997560e-01
7.195759999999999934e-01 -6.474982797261379375e-01 -2.000000000000000000e+00 2.121489345399982795e-01
6.409829999999999695e-01 -5.796228409633190637e-01 -1.219999999999999973e+00 2.054894671499987169e-01
5.920809999999999684e-01 -5.396457038792874528e-01 -1.949999999999999956e+00 2.862206465100012309e-01
5.671730000000000382e-01 -5.116166351187807493e-01 -1.320000000000000062e+00 2.393608178999997449e-01
5.941250000000000142e-01 -4.959649140664659228e-01 -1.610000000000000098e+00 1.930690432500004050e-01
5.271280000000000410e-01 -4.656553946547070666e-01 -1.479999999999999982e+00 3.083204537000003853e-01
4.818779999999999730e-01 -4.214505995040269681e-01 -7.399999999999999911e-01 2.470188698999997712e-01
5.886730000000000018e-01 -5.312064990618949878e-01 -1.750000000000000000e+00 2.409627625999988254e-01
3.644140000000000157e-01 -2.520931487981492580e-01 -1.419999999999999929e+00 5.379625790999931212e-02
3.627719999999999834e-01 -2.439629445274871244e-01 -1.280000000000000027e+00 7.524000729999968939e-02
3.067889999999999784e-01 -1.548172861383587673e-01 -1.189999999999999947e+00 1.138283304000005103e-01
4.671339999999999937e-01 -3.901048953549768328e-01 -5.000000000000000000e-01 2.142800959100004121e-01
4.847179999999999822e-01 -4.191047536881704616e-01 -6.899999999999999467e-01 3.145652889000007946e-01
4.113820000000000254e-01 -3.247029856765024647e-01 -5.799999999999999600e-01 1.697665809100001866e-01
3.113330000000000264e-01 -1.706369803128886531e-01 -1.409999999999999920e+00 1.043524360200009937e-01
5.018179999999999863e-01 -4.276712970640428324e-01 -9.699999999999999734e-01 2.354472148000006371e-01
2.555100000000000149e-01 -5.324096451732174273e-02 -1.239999999999999991e+00 7.185481547000094338e-02
6.337629999999999653e-01 -5.656309929229568212e-01 -1.659999999999999920e+00 2.110240176900006759e-01
4.726170000000000093e-01 -4.038848054351031891e-01 -3.900000000000000133e-01 2.730817735500004062e-01
4.841710000000000180e-01 -4.282526860551092440e-01 -2.000000000000000111e-01 5.119484748999969526e-02
3.907459999999999822e-01 -2.687331068004326085e-01 -5.000000000000000000e-01 2.901951353900003028e-01
7.342539999999999623e-01 -6.229058832186407102e-01 -1.110000000000000098e+00 1.840359937699993509e-01
6.503269999999999884e-01 -5.932595118259094136e-01 -1.239999999999999991e+00 1.541603874399992691e-01
5.771220000000000239e-01 -5.124876204213393294e-01 -1.139999999999999902e+00 2.813188707999998428e-01
5.249580000000000357e-01 -4.679064173163762774e-01 -1.479999999999999982e+00 2.065293198999995639e-01
3.168989999999999863e-01 -1.932266652726521983e-01 -1.850000000000000089e+00 1.129745086300006918e-01
5.530249999999999888e-01 -4.982403900884921910e-01 -1.449999999999999956e+00 2.635880179600000872e-01
3.973160000000000025e-01 -2.885946852889915704e-01 -2.899999999999999800e-01 2.512079140000000876e-01
4.523869999999999836e-01 -3.767813504256309898e-01 -1.600000000000000089e+00 2.876699195199989845e-01
5.668050000000000033e-01 -5.068638996971470689e-01 -1.389999999999999902e+00 2.157074971300003696e-01
3.773369999999999780e-01 -2.846204522909427936e-01 -3.599999999999999867e-01 2.383213972000000069e-01
5.862709999999999866e-01 -5.239837131589357710e-01 -1.659999999999999920e+00 2.407901882000000882e-01
3.903170000000000250e-01 -3.062164624815011393e-01 -1.750000000000000000e+00 1.100428322099986644e-01
4.933330000000000215e-01 -4.228124486951507777e-01 -1.270000000000000018e+00 2.378337289300009871e-01
4.477499999999999813e-01 -3.614359899835086765e-01 -1.610000000000000098e+00 2.450705753099988726e-01
6.234279999999999822e-01 -5.695209727414383138e-01 -1.600000000000000089e+00 2.073406905199988159e-01
3.315930000000000266e-01 -1.978274140974427553e-01 -1.689999999999999947e+00 9.140278639999976917e-02
5.711300000000000265e-01 -4.909137514282200243e-01 -1.709999999999999964e+00 2.317944108600009656e-01
5.964129999999999709e-01 -5.430178086444836794e-01 -1.689999999999999947e+00 2.002401987999995470e-01
4.680619999999999781e-01 -4.004355357879312294e-01 -1.199999999999999956e+00 2.067631874399999958e-01
5.471930000000000405e-01 -4.852946162780256145e-01 -1.669999999999999929e+00 2.044369868999993400e-01
4.428980000000000139e-01 -3.614884653528349645e-01 -1.550000000000000044e+00 3.668598404000000812e-01
3.740350000000000064e-01 -2.692002478100210539e-01 -1.300000000000000044e-01 1.775517888400006683e-01
5.736959999999999837e-01 -5.092202430210903685e-01 -1.280000000000000027e+00 2.099655197000007689e-01
5.937329999999999552e-01 -5.330017549735348581e-01 -1.699999999999999956e+00 1.814587950000010608e-01
5.872460000000000457e-01 -5.270813082370882086e-01 -1.330000000000000071e+00 2.555713024500008146e-01
4.788569999999999771e-01 -4.086912220118037453e-01 -9.100000000000000311e-01 3.096603122800001273e-01
5.634689999999999976e-01 -4.950576017635057724e-01 -1.830000000000000071e+00 1.953843170000002516e-01
5.674169999999999492e-01 -4.869679984387786931e-01 -1.840000000000000080e+00 1.198796727800006678e-01
3.086450000000000027e-01 -1.441663316229089276e-01 -1.770000000000000018e+00 2.213949395999996739e-01
5.106129999999999836e-01 -4.471440918274858234e-01 -1.360000000000000098e+00 1.985982335000002763e-01
4.518880000000000119e-01 -3.634439448212010149e-01 -7.099999999999999645e-01 2.924360152599998486e-01
5.865909999999999735e-01 -5.227694835234402149e-01 -1.909999999999999920e+00 2.789548482999997248e-01
4.785190000000000277e-01 -4.114448868591331632e-01 -1.370000000000000107e+00 2.350950134999987284e-01
4.954319999999999835e-01 -4.333935070656345090e-01 -9.399999999999999467e-01 2.745162157499994038e-01
6.263429999999999831e-01 -5.652350086243380645e-01 -1.790000000000000036e+00 1.908397648399997593e-01
6.218249999999999611e-01 -5.483758217818479608e-01 -1.600000000000000089e+00 3.025565219199997102e-01
6.222910000000000386e-01 -5.627451351690311299e-01 -1.760000000000000009e+00 2.852203997900009114e-01
3.290629999999999944e-01 -1.935889604819056586e-01 -1.070000000000000062e+00 2.144147620000005361e-01
5.989290000000000447e-01 -5.485993172810879059e-01 -1.100000000000000089e+00 8.456510259999916457e-02
4.779840000000000200e-01 -4.043520038102350611e-01 -1.169999999999999929e+00 1.977923301000004130e-01
4.108200000000000185e-01 -3.225858944639306003e-01 -6.700000000000000400e-01 2.905246227999995767e-01
6.604189999999999783e-01 -5.885198237958615408e-01 -1.800000000000000044e+00 2.870768554000004968e-01
7.138630000000000253e-01 -6.548387359367389138e-01 -1.699999999999999956e+00 1.871202131600000484e-01
4.785440000000000249e-01 -4.063463439092895868e-01 -1.500000000000000000e+00 1.719199915300002601e-01
3.773659999999999792e-01 -2.732734044645930283e-01 -1.770000000000000018e+00 6.669039109999985726e-02
4.422789999999999777e-01 -3.783163335228358903e-01 -2.399999999999999911e-01 2.720298384700008398e-01
4.593030000000000168e-01 -3.780142053061243956e-01 -1.629999999999999893e+00 1.895364733899995713e-01
5.696700000000000097e-01 -5.093822478578502455e-01 -1.120000000000000107e+00 2.137654580900001378e-01
5.357140000000000235e-01 -4.715035799036240149e-01 -1.870000000000000107e+00 2.090332240000005726e-01
6.053330000000000100e-01 -5.475958676481091914e-01 -1.659999999999999920e+00 1.990433551099997089e-01
3.071530000000000094e-01 -1.634614150290136791e-01 -1.810000000000000053e+00 1.080886720100000531e-01
5.011360000000000259e-01 -4.197384603697891237e-01 -1.459999999999999964e+00 2.392155028000004791e-01
3.246979999999999866e-01 -1.874146828451248581e-01 -1.340000000000000080e+00 7.259912401999990550e-02
5.634500000000000064e-01 -5.007408144685818741e-01 -1.570000000000000062e+00 1.984318049900011260e-01
5.974380000000000246e-01 -5.460639894031196206e-01 -1.560000000000000053e+00 1.562304335600011029e-01
5.576590000000000158e-01 -4.987000951161260076e-01 -1.510000000000000009e+00 2.241936964099995322e-01
3.125589999999999757e-01 -1.698116040022679130e-01 -2.439999999999999947e+00 8.577010829999842656e-02
5.846109999999999918e-01 -5.293654211744041049e-01 -2.330000000000000071e+00 2.462660257000006681e-01
5.322729999999999961e-01 -4.774378201141793454e-01 -1.459999999999999964e+00 3.035860784000004031e-01
3.996009999999999840e-01 -2.898619728063493994e-01 -6.899999999999999467e-01 3.158637108000004190e-01
4.818529999999999758e-01 -4.223590334195037599e-01 -6.600000000000000311e-01 2.224045124000006979e-01
5.016920000000000268e-01 -4.418149747022095397e-01 -9.499999999999999556e-01 2.336770621000017201e-01
3.916749999999999954e-01 -3.016676487035372389e-01 -7.900000000000000355e-01 3.007433995999999610e-01
2.927379999999999982e-01 -1.236650288188396729e-01 -1.250000000000000000e+00 1.243528992000015876e-01
5.814740000000000464e-01 -5.244619972353294912e-01 -1.780000000000000027e+00 2.822470547100000005e-01
4.403710000000000124e-01 -3.730295778865873046e-01 -7.199999999999999734e-01 2.764774500000015678e-01
6.060809999999999809e-01 -5.504325216016212607e-01 -1.280000000000000027e+00 1.584627296000000740e-01
4.756059999999999732e-01 -4.112667521985926555e-01 -8.699999999999999956e-01 2.719729257800000966e-01
5.426250000000000240e-01 -4.834177857495856045e-01 -1.739999999999999991e+00 2.244165717599990728e-01
6.508450000000000069e-01 -5.837282465952444710e-01 -2.560000000000000053e+00 2.464174432200003650e-01
2.670420000000000016e-01 -9.475257657563851410e-02 -1.330000000000000071e+00 1.030432048999987416e-01
5.607050000000000090e-01 -4.976789907572616301e-01 -8.000000000000000444e-01 2.267077892999989075e-01
6.977830000000000421e-01 -6.141435124221903408e-01 -1.889999999999999902e+00 2.017601505000001794e-01
5.780210000000000070e-01 -5.258702692624108721e-01 -1.219999999999999973e+00 2.924508550800002382e-01
5.893239999999999590e-01 -5.277193857525741549e-01 -1.260000000000000009e+00 2.457477661500000465e-01
4.774740000000000095e-01 -4.198167240039101245e-01 -1.399999999999999911e+00 3.086734305799989642e-01
3.970230000000000148e-01 -3.115519595121760688e-01 -1.900000000000000022e-01 2.135766803600009922e-01
4.539179999999999882e-01 -3.755864446765464493e-01 -1.070000000000000062e+00 1.784836182999995913e-01
5.212099999999999511e-01 -4.436559258999324129e-01 -1.429999999999999938e+00 2.637034725300004823e-01
6.422889999999999988e-01 -5.945652152778873045e-01 -2.279999999999999805e+00 2.179848363399994327e-01
4.795909999999999895e-01 -4.122037102553388621e-01 -1.500000000000000000e+00 2.770407598199984278e-01
5.109150000000000080e-01 -4.436307913781778467e-01 -8.399999999999999689e-01 2.533600987399999838e-01
4.553730000000000278e-01 -3.719750706096824899e-01 -1.580000000000000071e+00 2.969591866000005353e-01
6.373339999999999561e-01 -5.715103940791390613e-01 -2.250000000000000000e+00 2.071412497999993718e-01
5.339380000000000237e-01 -4.624317970957747548e-01 -1.340000000000000080e+00 2.432350625900010499e-01
7.140940000000000065e-01 -6.502228216595717925e-01 -1.790000000000000036e+00 1.737376352500010768e-01
4.403259999999999952e-01 -3.575510066317271196e-01 -1.020000000000000018e+00 2.853104072000007818e-01
3.064859999999999807e-01 -1.535747971929470879e-01 -1.800000000000000044e+00 8.777476990000110391e-02
5.517589999999999995e-01 -4.796320567700611548e-01 -1.219999999999999973e+00 2.564308702000008822e-01
4.120130000000000181e-01 -3.234647667727461595e-01 -5.400000000000000355e-01 2.601016812400001044e-01
6.422299999999999676e-01 -5.889507697234126482e-01 -1.570000000000000062e+00 2.682026950999993886e-01
5.743120000000000447e-01 -5.215731021335514583e-01 -1.479999999999999982e+00 2.233646019599984101e-01
5.885799999999999921e-01 -5.222860327873632968e-01 -9.799999999999999822e-01 2.350340842999987245e-01
5.377229999999999510e-01 -4.733843425728956333e-01 -1.389999999999999902e+00 2.317194798299997416e-01
6.511390000000000233e-01 -5.952119169089353790e-01 -2.430000000000000160e+00 2.113607369999996877e-01
7.328329999999999567e-01 -6.611942644111881151e-01 -2.000000000000000000e+00 2.135639195999985418e-01
7.227419999999999956e-01 -6.476887197636393978e-01 -1.939999999999999947e+00 2.891497764899995104e-01
5.171980000000000466e-01 -4.670693852233327448e-01 -1.330000000000000071e+00 2.435514809899999022e-01
5.872770000000000490e-01 -5.297016381153518694e-01 -1.060000000000000053e+00 2.557891392999991353e-01
4.665790000000000215e-01 -3.901142024145407561e-01 -1.439999999999999947e+00 1.964914871100003069e-01
4.764939999999999731e-01 -4.141045977154007574e-01 -7.900000000000000355e-01 2.616244606600002243e-01
2.734579999999999789e-01 -9.306356329681619854e-02 -1.060000000000000053e+00 5.137300000512823317e-06
5.869339999999999558e-01 -5.392882950228603534e-01 -1.100000000000000089e+00 1.414409772000002619e-01
